# a8 a 0
1 2 4 8 163264128

0 0 0 0 0 1 0 0 32
0 0 1 0 0 1 0 0 36
0 0 0 1 0 1 0 0 40
1 0 1 1 0 1 0 0 45
1 0 0 0 1 1 0 0 49
0 1 1 0 1 1 0 0 54
1 1 0 1 1 1 0 0 59
0 0 0 0 0 0 1 0 64
1 1 1 0 0 0 1 0 71
0 0 1 1 0 0 1 0 76
0 1 0 0 1 0 1 0 82
1 1 1 0 1 0 1 0 87
1 0 1 1 1 0 1 0 93
0 0 1 0 0 1 1 0 100
0 1 0 1 0 1 1 0 106
0 0 0 0 1 1 1 0 112
0 0 1 0 1 1 1 0 116
0 1 0 1 1 1 1 0 122
0 1 0 0 0 0 0 1 130
0 0 0 1 0 0 0 1 136
0 1 1 1 0 0 0 1 142
1 1 0 0 1 0 0 1 147
1 0 0 1 1 0 0 1 153
1 0 0 0 0 1 0 1 161
0 0 0 1 0 1 0 1 168
1 0 0 0 1 1 0 1 177
1 1 1 0 1 1 0 1 183
0 1 1 1 1 1 0 1 190
1 1 1 0 0 0 1 1 199
1 1 1 1 0 0 1 1 207
1 1 1 0 1 0 1 1 215
1 0 1 1 1 0 1 1 221
0 0 1 0 0 1 1 1 228
1 0 1 1 0 1 1 1 237
0 0 1 0 1 1 1 1 244
1 1 0 1 1 1 1 1 251

# a8 a 1

1 2 4 8 163264128

1 0 0 0 0 0 0 0 1
0 0 0 1 0 0 0 0 8
0 0 0 0 1 0 0 0 16
1 1 1 0 1 0 0 0 23
0 1 1 1 1 0 0 0 30
0 0 1 0 0 1 0 0 36
1 1 1 0 0 1 0 0 39
1 0 0 0 1 1 0 0 49
0 1 1 0 1 1 0 0 54
1 0 1 1 1 1 0 0 61
0 1 0 0 0 0 1 0 66
1 0 0 1 0 0 1 0 73
0 0 0 0 1 0 1 0 80
1 0 1 0 1 0 1 0 85
0 1 0 1 1 0 1 0 90
1 1 1 1 1 0 1 0 95
0 1 0 1 0 1 1 0 106
0 1 1 1 0 1 1 0 110
1 0 1 0 1 1 1 0 117
1 0 0 1 1 1 1 0 121


